C:\Users\Didar-Laptop\PycharmProjects\pythonProject\venv\Scripts\python.exe C:\Users\Didar-Laptop\PycharmProjects\pythonProject\Assignment8.py
[[10000  7537   708  1063  8499  6442  7738  2343  1208  1386]
 [ 7537 10000  1276   871  6057  7794  7251    17  9175  9573]
 [  708  1276 10000  4283  9328  7011  1531  3010  5296  8208]
 [ 1063   871  4283 10000  2690  4607  9135  8917  2010  1851]
 [ 8499  6057  9328  2690 10000  6502  5916  3656  9975  2905]
 [ 6442  7794  7011  4607  6502 10000  5425  8473   572  7470]
 [ 7738  7251  1531  9135  5916  5425 10000  3734  1915  1484]
 [ 2343    17  3010  8917  3656  8473  3734 10000  2090  2145]
 [ 1208  9175  5296  2010  9975   572  1915  2090 10000  6883]
 [ 1386  9573  8208  1851  2905  7470  1484  2145  6883 10000]]

Prim MST
Edge 	 Weight
3 - 1 	 871
0 - 2 	 708
0 - 3 	 1063
3 - 4 	 2690
8 - 5 	 572
9 - 6 	 1484
1 - 7 	 17
0 - 8 	 1208
0 - 9 	 1386
Total cost for 9 edges is  9999

Kruskal MST
1 - 7 17
5 - 8 572
0 - 2 708
1 - 3 871
0 - 3 1063
0 - 8 1208
0 - 9 1386
6 - 9 1484
3 - 4 2690
Total cost for 9 edges is  9999
[[10000  3780  4487  5734  2750  9499  6516   749  4132   307]
 [ 3780 10000  6721  5139  2092  3585  1264  3873  8343  9434]
 [ 4487  6721 10000  1834  6426  4487  4060  7544  2781  3782]
 [ 5734  5139  1834 10000  8365  5930  5235  4189  9712  6297]
 [ 2750  2092  6426  8365 10000  7131  2129  3957  9733  4315]
 [ 9499  3585  4487  5930  7131 10000  8227  1924  7304  1833]
 [ 6516  1264  4060  5235  2129  8227 10000  3821  2830  6484]
 [  749  3873  7544  4189  3957  1924  3821 10000  1012  7841]
 [ 4132  8343  2781  9712  9733  7304  2830  1012 10000  5745]
 [  307  9434  3782  6297  4315  1833  6484  7841  5745 10000]]

Prim MST
Edge 	 Weight
4 - 1 	 2092
8 - 2 	 2781
2 - 3 	 1834
0 - 4 	 2750
9 - 5 	 1833
1 - 6 	 1264
0 - 7 	 749
7 - 8 	 1012
0 - 9 	 307
Total cost for 9 edges is  14622

Kruskal MST
0 - 9 307
0 - 7 749
7 - 8 1012
1 - 6 1264
5 - 9 1833
2 - 3 1834
1 - 4 2092
0 - 4 2750
2 - 8 2781
Total cost for 9 edges is  14622
[[10000  4839  9442  1899  4482   790  2592  2841  9996  6484]
 [ 4839 10000  3260  3714  8264   636  9032  2274  7717  6799]
 [ 9442  3260 10000  4983  5542  4272  4615  9267  6738  2317]
 [ 1899  3714  4983 10000  4912  4024  8337  3359  3174  3916]
 [ 4482  8264  5542  4912 10000  7120  4901  7526  7416  3449]
 [  790   636  4272  4024  7120 10000  5177  9676  9374  9193]
 [ 2592  9032  4615  8337  4901  5177 10000  3001  9024  2255]
 [ 2841  2274  9267  3359  7526  9676  3001 10000  5852   296]
 [ 9996  7717  6738  3174  7416  9374  9024  5852 10000  3963]
 [ 6484  6799  2317  3916  3449  9193  2255   296  3963 10000]]

Prim MST
Edge 	 Weight
5 - 1 	 636
9 - 2 	 2317
0 - 3 	 1899
9 - 4 	 3449
0 - 5 	 790
9 - 6 	 2255
1 - 7 	 2274
3 - 8 	 3174
7 - 9 	 296
Total cost for 9 edges is  17090

Kruskal MST
7 - 9 296
1 - 5 636
0 - 5 790
0 - 3 1899
6 - 9 2255
1 - 7 2274
2 - 9 2317
3 - 8 3174
4 - 9 3449
Total cost for 9 edges is  17090
[[10000  9871  4145  6290  5517  4264  1386  3900  9169  4696]
 [ 9871 10000  5336  7123  5288  5670   694  7608  6702  7817]
 [ 4145  5336 10000  7842  4687  9243  6724  3740  3644  9695]
 [ 6290  7123  7842 10000  1983  9861  9896  6593  3874   944]
 [ 5517  5288  4687  1983 10000  1018  1665  8539  1141  4947]
 [ 4264  5670  9243  9861  1018 10000   839  8754  1071  8904]
 [ 1386   694  6724  9896  1665   839 10000  1789  7167  4615]
 [ 3900  7608  3740  6593  8539  8754  1789 10000  7441  9890]
 [ 9169  6702  3644  3874  1141  1071  7167  7441 10000  1933]
 [ 4696  7817  9695   944  4947  8904  4615  9890  1933 10000]]

Prim MST
Edge 	 Weight
6 - 1 	 694
8 - 2 	 3644
9 - 3 	 944
5 - 4 	 1018
6 - 5 	 839
0 - 6 	 1386
6 - 7 	 1789
5 - 8 	 1071
8 - 9 	 1933
Total cost for 9 edges is  13318

Kruskal MST
1 - 6 694
5 - 6 839
3 - 9 944
4 - 5 1018
5 - 8 1071
0 - 6 1386
6 - 7 1789
8 - 9 1933
2 - 8 3644
Total cost for 9 edges is  13318
[[10000  6360  5397  3492  3717  1937  5319  9733  8845  7385]
 [ 6360 10000  1628  6646  2414  4644  3500  1774  5004   428]
 [ 5397  1628 10000   802  5191   279  3980  1185  7862  7598]
 [ 3492  6646   802 10000  6541  7274  1205  3981  4542  4556]
 [ 3717  2414  5191  6541 10000  1780   707  5845  3486  9581]
 [ 1937  4644   279  7274  1780 10000  9865  1986  9273  9415]
 [ 5319  3500  3980  1205   707  9865 10000  5884  4553  8239]
 [ 9733  1774  1185  3981  5845  1986  5884 10000  7374  3009]
 [ 8845  5004  7862  4542  3486  9273  4553  7374 10000  9697]
 [ 7385   428  7598  4556  9581  9415  8239  3009  9697 10000]]

Prim MST
Edge 	 Weight
2 - 1 	 1628
5 - 2 	 279
2 - 3 	 802
6 - 4 	 707
0 - 5 	 1937
3 - 6 	 1205
2 - 7 	 1185
4 - 8 	 3486
1 - 9 	 428
Total cost for 9 edges is  11657

Kruskal MST
2 - 5 279
1 - 9 428
4 - 6 707
2 - 3 802
2 - 7 1185
3 - 6 1205
1 - 2 1628
0 - 5 1937
4 - 8 3486
Total cost for 9 edges is  11657
[[10000  7786  4351  4857  6798  3620  2584  3123   619  9218]
 [ 7786 10000  4701  7128   266  8893   758   867  6646  1516]
 [ 4351  4701 10000  2042  2829  5401   291   797  1723  6452]
 [ 4857  7128  2042 10000  8856  8734  6417  1587  6293  7852]
 [ 6798   266  2829  8856 10000  4890  2011   590   999  4543]
 [ 3620  8893  5401  8734  4890 10000  1991  7249  7468  8753]
 [ 2584   758   291  6417  2011  1991 10000  5605   102  1544]
 [ 3123   867   797  1587   590  7249  5605 10000   319  1106]
 [  619  6646  1723  6293   999  7468   102   319 10000  9428]
 [ 9218  1516  6452  7852  4543  8753  1544  1106  9428 10000]]

Prim MST
Edge 	 Weight
4 - 1 	 266
6 - 2 	 291
7 - 3 	 1587
7 - 4 	 590
6 - 5 	 1991
8 - 6 	 102
8 - 7 	 319
0 - 8 	 619
7 - 9 	 1106
Total cost for 9 edges is  6871

Kruskal MST
6 - 8 102
1 - 4 266
2 - 6 291
7 - 8 319
4 - 7 590
0 - 8 619
7 - 9 1106
3 - 7 1587
5 - 6 1991
Total cost for 9 edges is  6871
[[10000  9947  9031  2840  8633  6514  5355  8502  8413  5604]
 [ 9947 10000  7563  7843  5725  7480  3507  1734  8713  4628]
 [ 9031  7563 10000  6460  7723  3687  2571  6112   873  1336]
 [ 2840  7843  6460 10000  3317  8514  1391   281  1232  8757]
 [ 8633  5725  7723  3317 10000  7264  3163  9204  7954  6160]
 [ 6514  7480  3687  8514  7264 10000  3306  6773  9221  1101]
 [ 5355  3507  2571  1391  3163  3306 10000  6311  6456    45]
 [ 8502  1734  6112   281  9204  6773  6311 10000  8454  4627]
 [ 8413  8713   873  1232  7954  9221  6456  8454 10000  6084]
 [ 5604  4628  1336  8757  6160  1101    45  4627  6084 10000]]

Prim MST
Edge 	 Weight
7 - 1 	 1734
8 - 2 	 873
0 - 3 	 2840
6 - 4 	 3163
9 - 5 	 1101
9 - 6 	 45
3 - 7 	 281
3 - 8 	 1232
2 - 9 	 1336
Total cost for 9 edges is  12605

Kruskal MST
6 - 9 45
3 - 7 281
2 - 8 873
5 - 9 1101
3 - 8 1232
2 - 9 1336
1 - 7 1734
0 - 3 2840
4 - 6 3163
Total cost for 9 edges is  12605
[[10000  5722  3253  7090  5082  7316   376  5739  6771  6285]
 [ 5722 10000  1433  6568  3036  8068  5509  2328  7385  4332]
 [ 3253  1433 10000  9459  6865  6193  8406  8315  1110  5765]
 [ 7090  6568  9459 10000  1060  1790  5320  4460  2062  3792]
 [ 5082  3036  6865  1060 10000  3763  1127  1018   161  9413]
 [ 7316  8068  6193  1790  3763 10000  3471  7379  5080  9585]
 [  376  5509  8406  5320  1127  3471 10000   948  3930  1030]
 [ 5739  2328  8315  4460  1018  7379   948 10000  8071  6491]
 [ 6771  7385  1110  2062   161  5080  3930  8071 10000  3513]
 [ 6285  4332  5765  3792  9413  9585  1030  6491  3513 10000]]

Prim MST
Edge 	 Weight
2 - 1 	 1433
8 - 2 	 1110
4 - 3 	 1060
7 - 4 	 1018
3 - 5 	 1790
0 - 6 	 376
6 - 7 	 948
4 - 8 	 161
6 - 9 	 1030
Total cost for 9 edges is  8926

Kruskal MST
4 - 8 161
0 - 6 376
6 - 7 948
4 - 7 1018
6 - 9 1030
3 - 4 1060
2 - 8 1110
1 - 2 1433
3 - 5 1790
Total cost for 9 edges is  8926
[[10000  2905  8845    78  2449  4842   920  9091  2280  4708]
 [ 2905 10000  8146  8509  6744  2756  8961  6350  1346  8261]
 [ 8845  8146 10000  8161  6976   664  7118  8138  3087  6844]
 [   78  8509  8161 10000  7479  1079  9744  4215  3958   723]
 [ 2449  6744  6976  7479 10000  6161  6769  5654  3893  5030]
 [ 4842  2756   664  1079  6161 10000  3613  5862   164  4902]
 [  920  8961  7118  9744  6769  3613 10000  2659  3595  8709]
 [ 9091  6350  8138  4215  5654  5862  2659 10000  5733  4196]
 [ 2280  1346  3087  3958  3893   164  3595  5733 10000   917]
 [ 4708  8261  6844   723  5030  4902  8709  4196   917 10000]]

Prim MST
Edge 	 Weight
8 - 1 	 1346
5 - 2 	 664
0 - 3 	 78
0 - 4 	 2449
8 - 5 	 164
0 - 6 	 920
6 - 7 	 2659
9 - 8 	 917
3 - 9 	 723
Total cost for 9 edges is  9920

Kruskal MST
0 - 3 78
5 - 8 164
2 - 5 664
3 - 9 723
8 - 9 917
0 - 6 920
1 - 8 1346
0 - 4 2449
6 - 7 2659
Total cost for 9 edges is  9920
[[10000  8830  5299  8061  6433   697   467  8231  4820  5700]
 [ 8830 10000  5762  8781   839  2580  6623  3486   840   907]
 [ 5299  5762 10000  5731  6656  7249  5455  1811  6864  9041]
 [ 8061  8781  5731 10000  8416  5516  6563  9050  2631  6367]
 [ 6433   839  6656  8416 10000  5831  5765  9782  9662   518]
 [  697  2580  7249  5516  5831 10000  2894  3739  6919  1502]
 [  467  6623  5455  6563  5765  2894 10000  6634  6378  9692]
 [ 8231  3486  1811  9050  9782  3739  6634 10000  6859  1498]
 [ 4820   840  6864  2631  9662  6919  6378  6859 10000  6927]
 [ 5700   907  9041  6367   518  1502  9692  1498  6927 10000]]

Prim MST
Edge 	 Weight
4 - 1 	 839
7 - 2 	 1811
8 - 3 	 2631
9 - 4 	 518
0 - 5 	 697
0 - 6 	 467
9 - 7 	 1498
1 - 8 	 840
5 - 9 	 1502
Total cost for 9 edges is  10803

Kruskal MST
0 - 6 467
4 - 9 518
0 - 5 697
1 - 4 839
1 - 8 840
7 - 9 1498
5 - 9 1502
2 - 7 1811
3 - 8 2631
Total cost for 9 edges is  10803

Process finished with exit code 0
