C:\Users\Didar-Laptop\PycharmProjects\pythonProject\venv\Scripts\python.exe C:\Users\Didar-Laptop\PycharmProjects\pythonProject\Assignment6.py
                                     0          10                   20                                 30                                                40                                                 50                                                 60                                                 70                                                 80                                                 90                                                 100
f0 n                                   0         10                   20                                 30                                                40                                                 50                                                 60                                                 70                                                 80                                                 90                                                100
f1 1.5 ** n                          1.0  57.665039           3325.25673                      191751.059233                                    11057332.32094                                    637621500.21405                                 36768468716.933022                               2120255184830.251953                             122264598055704.640625                                 7050392822843069.0                               406561177535215232.0
f2 8 * n ** 3 + 17 * n ** 2 + 111    111       9811                70911                             231411                                            539311                                            1042611                                            1789311                                            2827411                                            4204911                                            5969811                                            8170111
f3 log(n) ** 2                       0.0        1.0             1.692679                           2.181887                                          2.566596                                           2.886499                                           3.161822                                           3.404387                                           3.621751                                           3.819064                                                4.0
f4 2 ** n                              1       1024              1048576                         1073741824                                     1099511627776                                   1125899906842624                                1152921504606846976                             1180591620717411303424                          1208925819614629174706176                       1237940039285380274899124224                    1267650600228229401496703205376
f5 log(log(n))                       0.0        0.0             0.114287                           0.169416                                          0.204679                                           0.230186                                           0.249969                                           0.266019                                           0.279459                                           0.290978                                            0.30103
f6 (n ** 2) * log(n) ** 3            0.0      100.0           880.890487                        2900.620764                                       6578.945778                                       12260.188368                                       20239.911037                                       30778.994114                                       44112.121679                                        60453.35205                                            80000.0
f7 (2 ** n) * (n ** 2 + 1)             1     103424            420478976                       967441383424                                  1760318116069376                                2815875667013402624                             4151670338089255960576                          5786079533136032798081024                       7738334171353241347294232576                   10028552258250865606957805338624                12677773652882522244368528756965376
f8 n ** 3 + n * log(n) ** 2          0.0     1010.0          8033.853581                       27065.456616                                      64102.663849                                      125144.324954                                      216189.709312                                      343238.307074                                       512289.74012                                      729343.715741                                          1000400.0
f9 10000                           10000      10000                10000                              10000                                             10000                                              10000                                              10000                                              10000                                              10000                                              10000                                              10000
f10 fact(n)                            1    3628800  2432902008176640000  265252859812191058636308480000000  815915283247897734345611269596115894272000000000  3041409320171337804361260816606476884437764156...  8320987112741390144276341183223364380754172606...  1197857166996989179607278372168909873645893814...  7156945704626380229481153372318653216558465734...  1485715964481761497309522733620825737885569961...  9332621544394415268169923885626670049071596826...
                                   0    10   20   30   40   50   60   70   80   90   100
f0 n                                 0    1    1    1    1    1    1    1    1    1    2
f1 1.5 ** n                          0    1    3    5    7    8   10   12   14   15   17
f2 8 * n ** 3 + 17 * n ** 2 + 111    2    3    4    5    5    6    6    6    6    6    6
f3 log(n) ** 2                       0    0    0    0    0    0    0    0    0    0    0
f4 2 ** n                            0    3    6    9   12   15   18   21   24   27   30
f5 log(log(n))                       0    0    0    0    0    0    0    0    0    0    0
f6 (n ** 2) * log(n) ** 3            0    2    2    3    3    4    4    4    4    4    4
f7 (2 ** n) * (n ** 2 + 1)           0    5    8   11   15   18   21   24   27   31   34
f8 n ** 3 + n * log(n) ** 2          0    3    3    4    4    5    5    5    5    5    6
f9 10000                             4    4    4    4    4    4    4    4    4    4    4
f10 fact(n)                          0    6   18   32   47   64   81  100  118  138  157

Process finished with exit code 0
