C:\Users\Didar-Laptop\PycharmProjects\pythonProject\venv\Scripts\python.exe C:\Users\Didar-Laptop\PycharmProjects\pythonProject\Assignment7.py
[[0 0 0 0 1 0 0 1 0 0]
 [0 0 0 1 0 0 0 0 1 1]
 [1 0 0 0 1 1 1 1 0 0]
 [0 0 1 0 0 0 1 0 0 1]
 [1 0 1 0 0 0 1 0 1 1]
 [0 0 1 0 0 0 0 1 0 0]
 [0 0 0 0 1 1 0 1 1 0]
 [0 1 1 1 0 1 1 0 1 1]
 [1 0 0 1 0 0 1 0 0 0]
 [0 1 0 1 0 1 1 0 1 0]]

0 [4, 7]
1 [3, 8, 9]
2 [0, 4, 5, 6, 7]
3 [2, 6, 9]
4 [0, 2, 6, 8, 9]
5 [2, 7]
6 [4, 5, 7, 8]
7 [1, 2, 3, 5, 6, 8, 9]
8 [0, 3, 6]
9 [1, 3, 5, 6, 8]

+--------+-----------+------------+-----------------------+
| Vertex | In-degree | Out-degree |       Neighbors       |
+========+===========+============+=======================+
|   0    |     3     |     2      |        [4, 7]         |
+--------+-----------+------------+-----------------------+
|   1    |     2     |     3      |       [3, 8, 9]       |
+--------+-----------+------------+-----------------------+
|   2    |     4     |     5      |    [0, 4, 5, 6, 7]    |
+--------+-----------+------------+-----------------------+
|   3    |     4     |     3      |       [2, 6, 9]       |
+--------+-----------+------------+-----------------------+
|   4    |     3     |     5      |    [0, 2, 6, 8, 9]    |
+--------+-----------+------------+-----------------------+
|   5    |     4     |     2      |        [2, 7]         |
+--------+-----------+------------+-----------------------+
|   6    |     6     |     4      |     [4, 5, 7, 8]      |
+--------+-----------+------------+-----------------------+
|   7    |     4     |     7      | [1, 2, 3, 5, 6, 8, 9] |
+--------+-----------+------------+-----------------------+
|   8    |     5     |     3      |       [0, 3, 6]       |
+--------+-----------+------------+-----------------------+
|   9    |     4     |     5      |    [1, 3, 5, 6, 8]    |
+--------+-----------+------------+-----------------------+
| Totals |    39     |     39     |                       |
+--------+-----------+------------+-----------------------+

+--------------------------+--------------------------------+
|         Property         |             Value              |
+==========================+================================+
|       num_vertices       |               10               |
+--------------------------+--------------------------------+
|        num_edges         |               39               |
+--------------------------+--------------------------------+
| target_probability_edge  |              0.5               |
+--------------------------+--------------------------------+
| implied_probability_edge |             0.4333             |
+--------------------------+--------------------------------+
|           dfs            | [0, 4, 2, 5, 7, 1, 3, 6, 8, 9] |
+--------------------------+--------------------------------+
|           bfs            | [0, 4, 7, 2, 6, 8, 9, 1, 3, 5] |
+--------------------------+--------------------------------+
|       is_reflexive       |             False              |
+--------------------------+--------------------------------+
|    is_anti_reflexive     |              True              |
+--------------------------+--------------------------------+
|       is_reflexive       |             False              |
+--------------------------+--------------------------------+
|       is_symmetric       |             False              |
+--------------------------+--------------------------------+
|    is_anti_symmetric     |             False              |
+--------------------------+--------------------------------+
|      is_transitive       |             False              |
+--------------------------+--------------------------------+
|   is_eulerian_circuit    |             False              |
+--------------------------+--------------------------------+
|       is_complete        |             False              |
+--------------------------+--------------------------------+
|         is_star          |             False              |
+--------------------------+--------------------------------+
|       is_connected       |              True              |
+--------------------------+--------------------------------+
|        is_cyclic         |              True              |
+--------------------------+--------------------------------+


Process finished with exit code 0
